chr1 10004 1132298 0 0
chr1 1132589 1132725 -2090 287776
chr1 1133921 15393574 0 0
chr1 15400921 15508108 -928422 729393
chr1 15512168 80832620 0 0
chr1 80836230 80844021 -41731 245480
chr1 80844521 97478825 0 0
chr1 97480414 97494076 -877915 473425
chr1 97495652 109365179 0 0
chr1 109374972 109375337 -432473 998164
chr1 109379973 195884448 0 0
chr1 195889151 195895965 -300652 578536
chr1 195897764 241228887 0 0
chr1 241243849 241338076 -209350 605425
chr1 241339595 246735822 0 0
chr1 246737900 246755243 -659401 90258
chr1 246771244 246862475 -692745 0
chr1 246864220 247177973 -17721 1056528
chr1 247184443 247189096 -337944 1045405
chr2 8674 24451783 0 0
chr2 24456463 24464649 -1659964 385852
chr2 24473387 33611289 0 0
chr2 33611960 33619459 -2333461 771042
chr2 33623771 36185302 0 0
chr2 36187574 36192243 -794075 1722258
chr2 36199242 52602963 0 0
chr2 52613957 52637176 -208458 57325
chr2 52638960 69909869 0 0
chr2 69910370 69961575 -202871 376926
chr2 69966084 78333453 0 0
chr2 78335832 78570844 -98333 1301657
chr2 78571937 85791511 0 0
chr2 85792718 85792904 -1152219 648597
chr2 85794585 88911124 0 0
chr2 88931328 89253129 -244829 469372
chr2 89256960 89624384 -570461 98117
chr2 89638793 89915429 0 143072
chr2 89929625 91536576 0 0
chr2 91539352 91543689 -85853 432812
chr2 91546258 123192721 0 0
chr2 123197294 123198771 -1412795 764730
chr2 123201091 127775097 0 0
chr2 127776216 127890538 -1361717 619963
chr2 127890697 129349673 0 547828
chr2 129355431 129361791 -843932 535710
chr2 129362918 130420432 -851419 0
chr2 130428034 130477405 -315535 962096
chr2 130482296 195041630 0 0
chr2 195048080 195113624 -117581 116877
chr2 195123172 197413858 0 0
chr2 197417126 197459674 -255627 411827
chr2 197461030 212891941 0 0
chr2 212893067 212899634 -116568 698867
chr2 212900293 242695776 0 0
chr3 36044 5508023 0 0
chr3 5511975 5513017 -720476 697484
chr3 5514654 46773137 0 0
chr3 46774508 46819251 -492009 847250
chr3 46824077 65091717 0 0
chr3 65092987 65093802 -263488 405699
chr3 65096800 83237104 0 0
chr3 83239473 83247317 -935974 132184
chr3 83252666 88783176 0 0
chr3 88791024 88791926 -1124525 1575
chr3 88792595 88797787 0 225714
chr3 88803495 90428165 0 0
chr3 90429818 90525615 -217319 134886
chr3 90559061 106869053 0 0
chr3 106876990 106927226 -346491 412275
chr3 106930436 116137672 0 0
chr3 116143746 116154405 -1035247 511096
chr3 116158336 133186071 0 0
chr3 133194645 133195707 -509146 608794
chr3 133196256 163350289 0 0
chr3 163352358 163439370 -56859 48131
chr3 163440719 177371924 0 0
chr3 177374626 177390036 -1421127 690465
chr3 177397828 199393212 0 0
chr4 7764 9820110 0 0
chr4 9836986 9840422 -692487 1935079
chr4 9849276 19126394 0 0
chr4 19130834 19131054 -148335 218447
chr4 19135089 20975933 0 0
chr4 20982707 20984369 -12208 279132
chr4 20984915 37561590 0 0
chr4 37561823 37561847 -893324 1148654
chr4 37569595 64370170 0 0
chr4 64380191 64392223 -169692 0
chr4 64398956 69131958 0 0
chr4 69133160 69210001 -362661 575500
chr4 69216088 70155288 -445589 0
chr4 70166453 70233540 -379954 172961
chr4 70236428 110804440 0 0
chr4 110807534 110854340 -833035 1050161
chr4 110858259 124356911 0 0
chr4 124360169 124502588 -1158670 1525913
chr4 124504580 134346726 0 0
chr4 134352228 134352498 -158729 104003
chr4 134353781 138310218 0 0
chr4 138312400 138316899 -317901 150602
chr4 138321750 164449990 0 0
chr4 164457835 164499860 -230336 412641
chr4 164502213 172609963 0 0
chr4 172613277 172614184 -199778 116317
chr4 172616444 191252241 0 0
chr5 65225 9953083 0 0
chr5 9955340 9968399 -1028841 1460102
chr5 9970666 9977172 -1044167 1451329
chr5 9977497 10323505 -1050998 1104996
chr5 10327399 10327711 -1400900 1100790
chr5 10330810 12840094 0 0
chr5 12864506 12866338 -273007 126163
chr5 12918163 45938365 0 0
chr5 45941754 49634694 0 0
chr5 49635303 58726008 0 0
chr5 58733206 59220028 -1252707 134473
chr5 59226856 59366246 -1746357 0
chr5 59371867 59408801 -16368 994700
chr5 59417537 59434061 -62038 969440
chr5 59434919 60489346 -79420 0
chr5 60490325 60490341 -85826 621160
chr5 60491689 68893593 0 0
chr5 68899306 70520952 0 0
chr5 70700419 112251249 0 0
chr5 112252288 112254504 -923789 1248997
chr5 112255437 119737155 0 0
chr5 119742716 119742788 -1197217 249713
chr5 119748512 155404292 0 0
chr5 155410444 155421495 -3073945 4006
chr5 155427675 170062249 0 0
chr5 170062869 170063295 -429370 206206
chr5 170065670 177652760 0 0
chr5 177653965 177654074 -196466 274427
chr5 177657882 180837061 0 0
chr6 53666 19147755 0 0
chr6 19151979 19159204 -6480 122297
chr6 19159674 31432904 0 0
chr6 31432934 31433473 -240435 382028
chr6 31434939 32060401 -242440 0
chr6 32061446 32065343 -244947 548158
chr6 32066939 32886386 -250440 0
chr6 32886400 32887781 -271901 1093720
chr6 32887974 68223695 0 0
chr6 68224010 77493429 0 0
chr6 77498434 77510033 -2011935 196468
chr6 77516397 79022244 0 0
chr6 79029649 79090197 -201150 32304
chr6 79098352 111704939 0 0
chr6 111709930 113622507 -21431 0
chr6 113625058 116404207 0 0
chr6 116408577 141043113 0 0
chr6 141045394 141045617 -189895 453884
chr6 141046752 153840077 0 0
chr6 153840847 153842863 -759348 60638
chr6 153843757 162499827 0 0
chr6 162504743 162506056 -104244 118445
chr6 162511301 170222362 0 0
chr6 170223310 170223555 -738811 252946
chr6 170224848 170845877 0 0
chr7 37124 5975504 0 0
chr7 5978906 6139555 -407 123946
chr7 6140564 18101493 0 0
chr7 18111337 18111669 -217838 750832
chr7 18116530 29655352 0 0
chr7 29655385 29656260 -241886 209241
chr7 29657014 51557631 0 0
chr7 51562900 51563915 -435401 1140586
chr7 51572506 61614179 0 0
chr7 61617364 62095697 0 62804
chr7 62099233 62203847 -358734 0
chr7 62213435 62214484 -53936 601017
chr7 62215368 63192134 -55869 0
chr7 63194631 63256072 0 176429
chr7 63259750 69026702 0 0
chr7 69033104 69313113 -108605 135388
chr7 69320512 78571498 0 0
chr7 78572620 78710465 0 244036
chr7 78720351 115798478 0 0
chr7 115805415 115835651 -482916 1809850
chr7 115842764 125833019 0 0
chr7 125836509 125836837 -307010 203664
chr7 125838952 141888058 0 0
chr7 141895565 141908739 -780066 97762
chr7 141914844 158812247 0 0
chr8 52041 5581540 0 0
chr8 5583294 5592495 -30795 1394006
chr8 5594564 17793836 0 0
chr8 17794019 17796083 -48520 820418
chr8 17796439 25032788 0 0
chr8 25038472 25040703 -1011973 724798
chr8 25043272 27449137 0 0
chr8 27449937 27449950 -782438 253551
chr8 27450267 39350791 0 0
chr8 39351896 39497557 -183397 0
chr8 39499553 39801670 -30054 973831
chr8 39806270 39955285 -336771 820216
chr8 39958902 77713999 0 0
chr8 77719805 77723029 -373306 55472
chr8 77728558 115701219 0 0
chr8 115703454 115711671 0 383830
chr8 115711712 117351830 0 0
chr8 117358889 117363283 -649390 839218
chr8 117370882 118041245 -661383 161256
chr8 118042989 118044334 -1333490 158167
chr8 118046748 129817900 0 0
chr8 129822490 129824642 -430991 589859
chr8 129836894 130575525 -445395 0
chr8 130577823 130578160 -162324 727341
chr8 130578493 141186971 0 0
chr8 141189636 141189852 -164137 664649
chr8 141190927 146264218 0 0
chr9 36587 458705 . 
chr9 459466 459585 . 
chr9 459626 6687128 0 0
chr9 6691130 6695824 -472631 1677677
chr9 6705730 11394656 0 0
chr9 11398647 11398865 -216148 98636
chr9 11404180 13860997 0 0
chr9 13861343 13862331 -166844 707170
chr9 13863445 74990625 0 0
chr9 74993224 74998983 -105725 1517518
chr9 75000024 103074776 0 0
chr9 103081829 103266336 -331330 302165
chr9 103266629 140225046 0 0
chr10 78874 1769498  
chr10 1775818 1811897  
chr10 1814338 13328221  
chr10 13328894 13331851  
chr10 13332410 19573729  
chr10 19574449 20036200  
chr10 20037021 20037243  
chr10 20038057 22038451  
chr10 22049227 38815211  
chr10 38823725 38909744  
chr10 38930246 39115159  
chr10 39128835 41851973  
chr10 41853324 49528754  
chr10 49530046 49533169  
chr10 49533787 53036186  
chr10 53044735 53044862  
chr10 53045426 53580527  
chr10 53589937 53684071  
chr10 53686068 53686625  
chr10 53691079 53979280  
chr10 53983618 126716070  
chr10 126717258 126720410  
chr10 126720481 135372744  
chr11 145190 11219194  
chr11 11225662 11226613  
chr11 11229393 41772573  
chr11 41774842 41774946  
chr11 41784924 48888315  
chr11 48890168 48900336  
chr11 48902572 48911330  
chr11 48911447 55124465  
chr11 55126202 55209499  
chr11 55216671 114274288  
chr11 114283239 114323384  
chr11 114324674 134445626  
chr12 21054 2107103  
chr12 2115897 2127756  
chr12 2134281 34372157  
chr12 34378199 34717841  
chr12 34724272 36281631  
chr12 36282020 36821928  
chr12 36826535 58206649  
chr12 58213837 58228389  
chr12 58236357 82310360  
chr12 82311876 82312091  
chr12 82316478 120811195  
chr12 120819869 120820009  
chr12 120822081 132288869  
chr13 17920393 49268005  
chr13 49271585 49271799  
chr13 49274859 56663478  
chr13 56665094 56680301  
chr13 56690719 75068887  
chr13 75069223 75151355  
chr13 75153079 90431582  
chr13 90437324 90468908  
chr13 90472154 92739272  
chr13 92742278 92867191  
chr13 92875562 114123122  
chr14 18070422 20594110  
chr14 20594428 21551664  
chr14 21552941 22193755  
chr14 22198179 22300986  
chr14 22303811 24448311  
chr14 24451217 35487260  
chr14 35487264 35488643  
chr14 35492026 40676601  
chr14 40679974 40738084  
chr14 40739852 42587303  
chr14 42588477 42753180  
chr14 42760839 42811375  
chr14 42814230 42869359  
chr14 42871493 55935362  
chr14 55935771 55949017  
chr14 55949715 69083081  
chr14 69087590 69090072  
chr14 69098300 69955785  
chr14 69961223 69961554  
chr14 69964382 70416397  
chr14 70416582 70417719  
chr14 70418189 82497433  
chr14 82505512 82506817  
chr14 82507036 101312447  
chr14 101318508 101318614  
chr14 101322743 102869824  
chr14 102871327 102887013  
chr14 102892440 104341599  
chr14 104345138 104345583  
chr14 104348254 105286516  
chr14 105307372 105398567  
chr14 105399111 105944567  
chr14 105945017 105952526  
chr14 105966842 105987341  
chr14 105997070 106358708  
chr15 18275409 18766242  
chr15 18811937 19633950  
chr15 19767013 20087858  
chr15 20090262 41682935  
chr15 41703363 41726934  
chr15 41738410 80445252  
chr15 80451311 80871014  
chr15 80871124 83250076  
chr15 83251185 83251218  
chr15 83251525 100323631  
chr16 4362 1362974  
chr16 1363159 1363876  
chr16 1366051 4888937  
chr16 4892195 5593613  
chr16 5594041 6914620  
chr16 6921899 15858388  
chr16 15864667 15920381  
chr16 15926090 21938413  
chr16 21946758 22001979  
chr16 22002762 23964298  
chr16 23964387 24039431  
chr16 24039886 74613460  
chr16 74619743 74656960  
chr16 74657390 82141426  
chr16 82142625 82142877  
chr16 82145455 88810798  
chr17 7242 14978590  
chr17 14984724 14998961  
chr17 15000001 32211764  
chr17 32214552 32219747  
chr17 32221458 33213526  
chr17 33216095 46422762  
chr17 46423971 46516580  
chr17 46523870 78629633  
chr17 78634366 78644427  
chr18 274 53871218  
chr18 53874313 54186653  
chr18 54188468 54206752  
chr18 54212303 74643371  
chr18 74643596 74643699  
chr18 74648420 76116152  
chr19 46981 20841044  
chr19 20844764 20893589  
chr19 20896937 24170240  
chr19 24171423 32971189  
chr19 32974877 46048591  
chr19 46054013 46073380  
chr19 46075639 46705523  
chr19 46707308 46711027  
chr19 46711952 63791508  
chr20 11244 1507989  
chr20 1517540 1524714  
chr20 1533838 32828245  
chr20 32828316 32889461  
chr20 32896676 33728145  
chr20 33732639 33875463  
chr20 33877732 57853664  
chr20 57853731 57949047  
chr20 57949691 62419232  
chr21 9749696 10150693  
chr21 10154993 13308875  
chr21 13316196 13410014  
chr21 13420831 18979790  
chr21 18981497 19011975  
chr21 19012805 33613940  
chr21 33615748 33615750  
chr21 33618372 43646295  
chr21 43647907 43661983  
chr21 43663581 46928279  
chr22 14456412 16511431  
chr22 16515912 16567216  
chr22 16569296 21147621  
chr22 21150934 21192042  
chr22 21193779 49129839  
chr22 49130277 49130879  
chr22 49132584 49582267  
chrX 2710157 7769028 0 0
chrX 7769083 7774472 -275584 359029
chrX 7779527 10529170 0 0
chrX 10530745 10698458 -26246 876043
chrX 10707246 28586191 0 0
chrX 28586628 28587445 -281129 117056
chrX 28592616 30046242 0 0
chrX 30047201 31359155 -575702 0
chrX 31363324 36609267 0 0
chrX 36609582 48082723 0 0
chrX 48090090 48172160 -80591 436341
chrX 48172165 49061048 0 0
chrX 49068067 49256601 -67568 19900
chrX 49257745 55287649 0 0
chrX 55287758 55288914 -1020259 294587
chrX 55289251 55692233 -1021752 0
chrX 55695685 58344670 0 0
chrX 58350554 58499972 -92055 223529
chrX 58501253 58539303 -242754 184198
chrX 58549202 58572430 -290703 151071
chrX 58580762 61647210 0 0
chrX 61660428 62256916 -134929 0
chrX 62258314 71875165 0 0
chrX 71882107 72113227 -710608 0
chrX 72113558 75274607 0 0
chrX 75278162 75310492 -135663 715009
chrX 75311115 76992341 0 1442160
chrX 77009685 77010219 -983186 1424282
chrX 77099909 85084356 0 0
chrX 85086785 85520455 -411286 675046
chrX 85523648 86840657 -848149 0
chrX 86845097 86845947 -94598 352554
chrX 86848928 88338870 0 180631
chrX 88342887 90007364 0 0
chrX 90023794 91045591 0 0
chrX 91054982 91236817 -291483 42684
chrX 91239148 91497678 0 46823
chrX 91515560 92233865 0 0
chrX 92235069 99145377 0 0
chrX 99145714 100990068 -43215 0
chrX 100995646 101266433 -768147 0
chrX 101267093 101722468 0 509033
chrX 101723826 103110197 0 83304
chrX 103120026 103302441 0 812060
chrX 103305890 119887465 0 0
chrX 119887778 119970017 -579279 98484
chrX 119971453 127208540 0 0
chrX 127214174 134672285 0 0
chrX 134673149 134798818 -846650 40683
chrX 134799143 138937969 0 0
chrX 138942175 138943337 -768676 648164
chrX 138943704 139935137 -770205 0
chrX 139960307 140012643 -367808 200858
chrX 140040065 140387387 -447566 0
chrX 140388798 140510957 -174299 20544
chrX 140519014 142988634 0 0
chrX 143012733 143123001 0 328500
chrX 143125479 143434309 -90980 17192
chrX 143438825 143445439 -404326 6062
chrX 143452844 146597534 0 0
chrX 146599193 152612272 0 0
chrX 152612795 152620654 -58296 351847
chrX 152622702 154336857 0 0
chrX 154338423 154374421 -211924 331080
chrX 154377613 154582606 -251114 122895
