chr1 10004 1132298 0 0
chr1 1132589 1132725 -118090 144776
chr1 1133921 15393574 0 0
chr1 15400921 15508108 -1326422 439393
chr1 15512168 80832620 0 0
chr1 80836230 80844021 -191731 125480
chr1 80844521 97478825 0 0
chr1 97480414 97494076 -357915 987425
chr1 97495652 109365179 0 0
chr1 109374972 109375337 -546473 345164
chr1 109379973 195884448 0 0
chr1 195889151 195895965 -432652 511536
chr1 195897764 241228887 0 0
chr1 241243849 241338076 -482350 450425
chr1 241339595 246735822 0 0
chr1 246737900 246755243 -924401 0
chr1 246771244 246862475 -19745 108026
chr1 246864220 247177973 0 1642528
chr1 247184443 247189096 -212944 1631405
chr2 8674 24451783 0 0
chr2 24456463 24464649 -154964 568852
chr2 24473387 33611289 0 0
chr2 33611960 33619459 -1139461 907042
chr2 33623771 36185302 0 0
chr2 36187574 36192243 -845075 1188258
chr2 36199242 52602963 0 0
chr2 52613957 52637176 0 1591325
chr2 52638960 69909869 0 0
chr2 69910370 69961575 -389871 310926
chr2 69966084 78333453 0 0
chr2 78335832 78570844 -481333 218657
chr2 78571937 85791511 0 0
chr2 85792718 85792904 -20219 1080597
chr2 85794585 88911124 0 0
chr2 88931328 89253129 -3829 655372
chr2 89256960 89624384 -329461 284117
chr2 89638793 89915429 -711294 0
chr2 89929625 91536576 0 0
chr2 91539352 91543689 -214853 222812
chr2 91546258 123192721 0 0
chr2 123197294 123198771 -747795 911730
chr2 123201091 127775097 0 0
chr2 127776216 127890538 -1451717 404963
chr2 127890697 129349673 0 0
chr2 129355431 129361791 -727932 656710
chr2 129362918 130420432 -735419 0
chr2 130428034 130477405 -408535 505096
chr2 130482296 195041630 0 0
chr2 195048080 195113624 -725581 0
chr2 195123172 197413858 0 0
chr2 197417126 197459674 -305627 319827
chr2 197461030 212891941 0 0
chr2 212893067 212899634 -1313568 402867
chr2 212900293 242695776 0 0
chr3 36044 5508023 0 0
chr3 5511975 5513017 -518476 805484
chr3 5514654 46773137 0 0
chr3 46774508 46819251 -1153009 512250
chr3 46824077 65091717 0 0
chr3 65092987 65093802 -620488 189699
chr3 65096800 83237104 0 0
chr3 83239473 83247317 -748974 291184
chr3 83252666 88783176 0 0
chr3 88791024 88791926 -692525 120575
chr3 88792595 88797787 -694096 114714
chr3 88803495 90428165 0 0
chr3 90429818 90525615 0 262886
chr3 90559061 106869053 0 0
chr3 106876990 106927226 -1274491 297275
chr3 106930436 116137672 0 0
chr3 116143746 116154405 -591247 579096
chr3 116158336 133186071 0 0
chr3 133194645 133195707 -764146 219794
chr3 133196256 163350289 0 0
chr3 163352358 163439370 0 182131
chr3 163440719 177371924 0 0
chr3 177374626 177390036 -390127 1858465
chr3 177397828 199393212 0 0
chr4 7764 9820110 0 0
chr4 9836986 9840422 -1590487 175079
chr4 9849276 19126394 0 0
chr4 19130834 19131054 -557335 11447
chr4 19135089 20975933 0 0
chr4 20982707 20984369 -314208 152132
chr4 20984915 37561590 0 0
chr4 37561823 37561847 -997324 624654
chr4 37569595 64370170 0 0
chr4 64380191 64392223 -93692 169278
chr4 64398956 69131958 0 0
chr4 69133160 69210001 -717661 469500
chr4 69216088 70155288 0 0
chr4 70166453 70233540 -285954 472961
chr4 70236428 110804440 0 0
chr4 110807534 110854340 -76035 1134161
chr4 110858259 124356911 0 0
chr4 124360169 124502588 -1684670 12913
chr4 124504580 134346726 0 0
chr4 134352228 134352498 -6729 225003
chr4 134353781 138310218 0 0
chr4 138312400 138316899 -436901 11602
chr4 138321750 164449990 0 0
chr4 164457835 164499860 -104336 1716641
chr4 164502213 172609963 0 0
chr4 172613277 172614184 -30778 316317
chr4 172616444 191252241 0 0
chr5 65225 9953083 0 0
chr5 9955340 9968399 -1469841 342102
chr5 9970666 9977172 -1485167 333329
chr5 9977497 10323505 -1491998 0
chr5 10327399 10327711 -15900 1232790
chr5 10330810 12840094 0 0
chr5 12864506 12866338 -413007 1163
chr5 12918163 45938365 0 0
chr5 45941754 49634694 0 0
chr5 49635303 58726008 0 0
chr5 58733206 59220028 -2291707 0
chr5 59226856 59366246 -90357 458255
chr5 59371867 59408801 -235368 415700
chr5 59417537 59434061 -281038 390440
chr5 59434919 60489346 0 28155
chr5 60490325 60490341 -664826 27160
chr5 60491689 68893593 0 0
chr5 68899306 70520952 0 0
chr5 70700419 112251249 0 0
chr5 112252288 112254504 -1166789 26997
chr5 112255437 119737155 0 0
chr5 119742716 119742788 -1007217 343713
chr5 119748512 155404292 0 0
chr5 155410444 155421495 -1310945 29006
chr5 155427675 170062249 0 0
chr5 170062869 170063295 -496370 13206
chr5 170065670 177652760 0 0
chr5 177653965 177654074 -59466 438427
chr5 177657882 180837061 0 0
chr6 53666 19147755 0 0
chr6 19151979 19159204 -1129480 97297
chr6 19159674 31432904 0 0
chr6 31432934 31433473 -714435 271028
chr6 31434939 32060401 0 0
chr6 32061446 32065343 -94947 1556158
chr6 32066939 32886386 -100440 735115
chr6 32886400 32887781 -919901 733720
chr6 32887974 68223695 0 0
chr6 68224010 77493429 0 0
chr6 77498434 77510033 -1095935 335468
chr6 77516397 79022244 0 0
chr6 79029649 79090197 -19150 1079304
chr6 79098352 111704939 0 0
chr6 111709930 113622507 0 379994
chr6 113625058 116404207 0 127294
chr6 116408577 141043113 0 0
chr6 141045394 141045617 -350895 192884
chr6 141046752 153840077 0 0
chr6 153840847 153842863 -521348 1827638
chr6 153843757 162499827 0 0
chr6 162504743 162506056 -79244 1274445
chr6 162511301 170222362 0 0
chr6 170223310 170223555 -44811 317946
chr6 170224848 170845877 -46349 0
chr7 37124 5975504 0 0
chr7 5978906 6139555 -312407 13946
chr7 6140564 18101493 0 0
chr7 18111337 18111669 -140838 908832
chr7 18116530 29655352 0 0
chr7 29655385 29656260 -629886 1241
chr7 29657014 51557631 0 0
chr7 51562900 51563915 -176401 1313586
chr7 51572506 61614179 0 0
chr7 61617364 62095697 -195865 0
chr7 62099233 62203847 -127734 223654
chr7 62213435 62214484 -241936 213017
chr7 62215368 63192134 0 0
chr7 63194631 63256072 -128132 91429
chr7 63259750 69026702 0 0
chr7 69033104 69313113 0 298388
chr7 69320512 78571498 0 0
chr7 78572620 78710465 -45121 103036
chr7 78720351 115798478 0 0
chr7 115805415 115835651 -531916 697850
chr7 115842764 125833019 0 0
chr7 125836509 125836837 -532010 33664
chr7 125838952 141888058 0 0
chr7 141895565 141908739 -471066 170762
chr7 141914844 158812247 0 0
chr8 52041 5581540 0 0
chr8 5583294 5592495 -85795 961006
chr8 5594564 17793836 0 0
chr8 17794019 17796083 -25520 1117418
chr8 17796439 25032788 0 0
chr8 25038472 25040703 -30973 1163798
chr8 25043272 27449137 0 0
chr8 27449937 27449950 -119438 364551
chr8 27450267 39350791 0 0
chr8 39351896 39497557 -32397 483944
chr8 39499553 39801670 -180054 179831
chr8 39806270 39955285 -486771 26216
chr8 39958902 77713999 0 0
chr8 77719805 77723029 -95306 238472
chr8 77728558 115701219 0 0
chr8 115703454 115711671 -189955 302830
chr8 115711712 117351830 0 0
chr8 117358889 117363283 -760390 476218
chr8 117370882 118041245 -772383 0
chr8 118042989 118044334 -202490 640167
chr8 118046748 129817900 0 0
chr8 129822490 129824642 -293991 1209859
chr8 129836894 130575525 -308395 458976
chr8 130577823 130578160 -1049324 456341
chr8 130578493 141186971 0 0
chr8 141189636 141189852 -431137 389649
chr8 141190927 146264218 0 0
chr9 36587 458705 . 
chr9 459466 459585 . 
chr9 459626 6687128 0 0
chr9 6691130 6695824 -817631 26677
chr9 6705730 11394656 0 0
chr9 11398647 11398865 -40148 191636
chr9 11404180 13860997 0 0
chr9 13861343 13862331 -585844 625170
chr9 13863445 74990625 0 0
chr9 74993224 74998983 -708725 652518
chr9 75000024 103074776 0 0
chr9 103081829 103266336 0 781165
chr9 103266629 140225046 0 0
chr10 78874 1769498  
chr10 1775818 1811897  
chr10 1814338 13328221  
chr10 13328894 13331851  
chr10 13332410 19573729  
chr10 19574449 20036200  
chr10 20037021 20037243  
chr10 20038057 22038451  
chr10 22049227 38815211  
chr10 38823725 38909744  
chr10 38930246 39115159  
chr10 39128835 41851973  
chr10 41853324 49528754  
chr10 49530046 49533169  
chr10 49533787 53036186  
chr10 53044735 53044862  
chr10 53045426 53580527  
chr10 53589937 53684071  
chr10 53686068 53686625  
chr10 53691079 53979280  
chr10 53983618 126716070  
chr10 126717258 126720410  
chr10 126720481 135372744  
chr11 145190 11219194  
chr11 11225662 11226613  
chr11 11229393 41772573  
chr11 41774842 41774946  
chr11 41784924 48888315  
chr11 48890168 48900336  
chr11 48902572 48911330  
chr11 48911447 55124465  
chr11 55126202 55209499  
chr11 55216671 114274288  
chr11 114283239 114323384  
chr11 114324674 134445626  
chr12 21054 2107103  
chr12 2115897 2127756  
chr12 2134281 34372157  
chr12 34378199 34717841  
chr12 34724272 36281631  
chr12 36282020 36821928  
chr12 36826535 58206649  
chr12 58213837 58228389  
chr12 58236357 82310360  
chr12 82311876 82312091  
chr12 82316478 120811195  
chr12 120819869 120820009  
chr12 120822081 132288869  
chr13 17920393 49268005  
chr13 49271585 49271799  
chr13 49274859 56663478  
chr13 56665094 56680301  
chr13 56690719 75068887  
chr13 75069223 75151355  
chr13 75153079 90431582  
chr13 90437324 90468908  
chr13 90472154 92739272  
chr13 92742278 92867191  
chr13 92875562 114123122  
chr14 18070422 20594110  
chr14 20594428 21551664  
chr14 21552941 22193755  
chr14 22198179 22300986  
chr14 22303811 24448311  
chr14 24451217 35487260  
chr14 35487264 35488643  
chr14 35492026 40676601  
chr14 40679974 40738084  
chr14 40739852 42587303  
chr14 42588477 42753180  
chr14 42760839 42811375  
chr14 42814230 42869359  
chr14 42871493 55935362  
chr14 55935771 55949017  
chr14 55949715 69083081  
chr14 69087590 69090072  
chr14 69098300 69955785  
chr14 69961223 69961554  
chr14 69964382 70416397  
chr14 70416582 70417719  
chr14 70418189 82497433  
chr14 82505512 82506817  
chr14 82507036 101312447  
chr14 101318508 101318614  
chr14 101322743 102869824  
chr14 102871327 102887013  
chr14 102892440 104341599  
chr14 104345138 104345583  
chr14 104348254 105286516  
chr14 105307372 105398567  
chr14 105399111 105944567  
chr14 105945017 105952526  
chr14 105966842 105987341  
chr14 105997070 106358708  
chr15 18275409 18766242  
chr15 18811937 19633950  
chr15 19767013 20087858  
chr15 20090262 41682935  
chr15 41703363 41726934  
chr15 41738410 80445252  
chr15 80451311 80871014  
chr15 80871124 83250076  
chr15 83251185 83251218  
chr15 83251525 100323631  
chr16 4362 1362974  
chr16 1363159 1363876  
chr16 1366051 4888937  
chr16 4892195 5593613  
chr16 5594041 6914620  
chr16 6921899 15858388  
chr16 15864667 15920381  
chr16 15926090 21938413  
chr16 21946758 22001979  
chr16 22002762 23964298  
chr16 23964387 24039431  
chr16 24039886 74613460  
chr16 74619743 74656960  
chr16 74657390 82141426  
chr16 82142625 82142877  
chr16 82145455 88810798  
chr17 7242 14978590  
chr17 14984724 14998961  
chr17 15000001 32211764  
chr17 32214552 32219747  
chr17 32221458 33213526  
chr17 33216095 46422762  
chr17 46423971 46516580  
chr17 46523870 78629633  
chr17 78634366 78644427  
chr18 274 53871218  
chr18 53874313 54186653  
chr18 54188468 54206752  
chr18 54212303 74643371  
chr18 74643596 74643699  
chr18 74648420 76116152  
chr19 46981 20841044  
chr19 20844764 20893589  
chr19 20896937 24170240  
chr19 24171423 32971189  
chr19 32974877 46048591  
chr19 46054013 46073380  
chr19 46075639 46705523  
chr19 46707308 46711027  
chr19 46711952 63791508  
chr20 11244 1507989  
chr20 1517540 1524714  
chr20 1533838 32828245  
chr20 32828316 32889461  
chr20 32896676 33728145  
chr20 33732639 33875463  
chr20 33877732 57853664  
chr20 57853731 57949047  
chr20 57949691 62419232  
chr21 9749696 10150693  
chr21 10154993 13308875  
chr21 13316196 13410014  
chr21 13420831 18979790  
chr21 18981497 19011975  
chr21 19012805 33613940  
chr21 33615748 33615750  
chr21 33618372 43646295  
chr21 43647907 43661983  
chr21 43663581 46928279  
chr22 14456412 16511431  
chr22 16515912 16567216  
chr22 16569296 21147621  
chr22 21150934 21192042  
chr22 21193779 49129839  
chr22 49130277 49130879  
chr22 49132584 49582267  
chrX 2710157 7769028 0 0
chrX 7769083 7774472 -390584 16029
chrX 7779527 10529170 0 0
chrX 10530745 10698458 -584246 0
chrX 10707246 28586191 0 0
chrX 28586628 28587445 -239129 263056
chrX 28592616 30046242 0 0
chrX 30047201 31359155 0 0
chrX 31363324 36609267 0 0
chrX 36609582 48082723 0 0
chrX 48090090 48172160 -217591 355341
chrX 48172165 49061048 0 0
chrX 49068067 49256601 -9568 377900
chrX 49257745 55287649 0 0
chrX 55287758 55288914 -973259 393587
chrX 55289251 55692233 -974752 0
chrX 55695685 58344670 -12186 0
chrX 58350554 58499972 -684055 0
chrX 58501253 58539303 -11754 311198
chrX 58549202 58572430 -59703 278071
chrX 58580762 61647210 0 0
chrX 61660428 62256916 0 251585
chrX 62258314 71875165 0 0
chrX 71882107 72113227 -366608 0
chrX 72113558 75274607 0 0
chrX 75278162 75310492 -360663 96009
chrX 75311115 76992341 0 41160
chrX 77009685 77010219 -1602186 23282
chrX 77099909 85084356 0 0
chrX 85086785 85520455 -821286 0
chrX 85523648 86840657 -189149 0
chrX 86845097 86845947 -287598 240554
chrX 86848928 88338870 0 0
chrX 88342887 90007364 0 0
chrX 90023794 91045591 0 0
chrX 91054982 91236817 -167483 168684
chrX 91239148 91497678 -351649 0
chrX 91515560 92233865 0 0
chrX 92235069 99145377 0 0
chrX 99145714 100990068 -133215 0
chrX 100995646 101266433 -610147 46068
chrX 101267093 101722468 0 143033
chrX 101723826 103110197 0 0
chrX 103120026 103302441 -234527 4060
chrX 103305890 119887465 0 0
chrX 119887778 119970017 -234279 244484
chrX 119971453 127208540 0 0
chrX 127214174 134672285 0 0
chrX 134673149 134798818 -642650 316683
chrX 134799143 138937969 0 0
chrX 138942175 138943337 -852676 138164
chrX 138943704 139935137 0 0
chrX 139960307 140012643 -183808 325858
chrX 140040065 140387387 -263566 0
chrX 140388798 140510957 -49299 185544
chrX 140519014 142988634 0 0
chrX 143012733 143123001 -82234 100500
chrX 143125479 143434309 0 365192
chrX 143438825 143445439 -214326 354062
chrX 143452844 146597534 0 0
chrX 146599193 152612272 0 0
chrX 152612795 152620654 -119296 267847
chrX 152622702 154336857 0 0
chrX 154338423 154374421 -115924 448080
chrX 154377613 154582606 -155114 239895
